100 100
76 83 37 6 77 21 89 91 90 91 14 64 39 75 18 61 78 48 40 82 9 22 83 18 25 49 60 34 84 97 72 5 14 2 82 52 19 80 82 61 87 88 69 55 71 80 26 6 20 45 13 21 39 88 43 53 62 19 87 37 65 75 85 83 83 9 87 21 69 43 65 46 62 1 14 6 96 29 87 30 46 51 6 36 10 34 39 1 27 80 11 38 79 17 30 89 26 94 35 98 
0 66 90
0 23 36
0 24 30
0 11 90
1 31 38
1 77 21
0 11 44
0 14 56
0 17 54
1 57 24
0 18 65
1 72 28
1 58 39
0 14 62
1 85 48
1 38 9
1 55 47
0 50 93
1 87 30
0 64 91
0 31 65
1 75 31
0 9 86
1 73 31
1 91 8
0 7 48
0 2 40
1 49 22
1 49 28
0 34 64
1 73 6
0 4 98
0 16 84
1 30 2
0 38 51
1 10 20
1 45 27
0 52 63
0 8 42
0 66 91
0 39 95
1 18 10
1 87 16
1 16 14
1 63 39
0 13 16
0 7 28
1 74 13
0 21 56
0 10 23
0 61 86
0 34 92
1 23 19
1 9 38
1 0 13
1 53 31
1 84 45
1 69 43
1 98 46
0 9 80
0 57 66
1 53 28
1 7 48
1 27 11
0 3 8
1 68 43
0 71 92
0 34 88
1 1 16
0 49 52
1 81 31
1 55 19
1 32 29
0 44 53
0 22 47
0 38 45
1 59 32
1 84 22
1 52 27
0 9 75
1 37 7
1 28 14
0 88 91
0 11 67
1 84 1
0 12 53
0 27 33
0 55 63
1 46 25
1 67 24
1 27 1
1 49 47
0 1 68
1 23 23
1 66 3
1 3 19
1 72 34
1 1 34
1 67 23
0 67 79
