316 316
30 78 56 32 71 94 13 79 93 14 89 15 36 14 74 20 68 59 99 41 23 15 77 87 60 91 0 20 2 49 12 77 33 61 95 10 62 63 92 90 15 98 65 28 75 64 64 55 40 77 76 4 87 91 78 77 67 33 98 53 65 20 25 54 82 81 17 0 79 8 43 1 40 23 91 3 5 14 17 64 6 97 10 19 61 81 2 78 77 91 26 28 47 58 1 53 26 81 52 84 90 77 23 33 61 23 37 46 39 78 86 82 45 1 57 80 0 29 28 23 68 91 31 39 87 47 59 91 60 98 5 95 94 37 13 28 69 13 43 53 13 93 52 42 43 65 68 26 60 34 67 9 83 82 17 14 8 82 46 71 10 30 99 5 64 18 47 41 91 88 13 12 72 82 65 18 95 15 33 88 2 62 24 83 35 92 97 10 32 83 33 32 27 97 55 62 27 9 83 55 15 0 3 52 37 98 59 16 47 62 26 48 99 79 62 28 39 33 8 73 81 96 77 75 75 40 5 52 15 90 87 2 74 54 4 15 95 20 72 71 46 50 33 51 86 33 98 88 85 21 57 33 50 14 63 74 70 18 33 93 28 14 12 22 39 22 67 44 26 88 43 40 64 99 46 81 24 29 4 22 88 23 22 90 80 11 89 79 58 40 96 84 90 67 5 65 91 4 45 30 88 51 24 2 38 34 99 45 50 18 67 28 99 92 41 91 
0 297 307
0 135 160
0 148 167
1 103 45
1 74 49
1 267 47
0 267 284
1 71 35
0 91 153
0 179 216
0 44 226
1 245 4
1 210 1
1 125 25
0 203 291
1 18 11
1 273 26
0 253 267
1 272 38
0 9 154
0 65 204
1 263 24
0 20 308
1 275 14
0 64 206
1 44 12
0 17 177
1 184 7
1 65 32
0 42 166
1 134 25
0 163 191
1 146 37
0 292 293
0 130 219
1 77 44
0 12 257
1 118 16
0 126 309
0 255 263
0 239 291
1 253 31
1 221 2
0 31 285
0 216 287
0 149 304
1 117 20
0 143 186
0 0 185
1 175 29
0 173 299
1 178 29
0 59 147
1 297 1
0 31 141
0 181 301
1 94 19
0 47 299
1 42 32
1 138 5
1 188 16
0 127 228
0 6 255
1 54 31
0 41 75
0 18 242
1 208 39
1 111 41
0 67 156
0 189 233
1 17 19
0 47 138
0 88 224
0 3 123
1 295 1
0 69 299
0 223 262
0 73 238
1 207 20
0 140 247
0 57 292
0 90 309
1 302 46
0 211 287
1 89 35
1 148 34
0 55 242
1 62 45
0 125 209
1 123 25
1 200 1
1 273 44
0 8 166
0 77 175
1 297 2
1 248 18
0 86 228
0 163 244
0 204 274
0 52 296
1 86 38
0 92 194
1 18 40
0 68 108
0 15 267
1 190 45
0 8 302
0 24 153
0 257 263
0 130 134
1 285 10
0 12 266
1 11 27
1 314 45
0 55 136
1 194 21
0 74 240
0 64 82
1 4 35
1 290 45
0 0 264
0 61 228
1 215 1
1 260 34
0 88 192
0 17 243
1 182 5
1 289 14
0 122 151
1 19 39
0 19 140
1 43 21
0 10 182
1 117 16
1 49 44
1 247 36
0 206 248
1 107 12
0 84 102
0 28 289
0 84 187
0 91 311
0 176 250
0 134 304
0 188 311
1 179 12
0 132 211
0 100 119
1 62 8
0 72 286
1 123 21
0 99 257
0 56 136
1 50 12
0 43 239
1 262 45
1 20 48
0 76 82
0 155 284
1 77 1
0 83 178
1 299 29
0 78 247
0 141 149
0 94 217
0 71 142
0 238 276
1 143 5
1 181 21
1 143 7
0 103 192
1 17 17
1 213 11
0 5 288
1 289 2
1 23 3
0 140 238
0 100 267
1 255 23
1 213 32
1 134 22
0 84 250
1 209 9
0 95 298
0 279 284
0 103 272
0 196 253
0 100 190
0 43 261
0 13 112
0 111 181
0 188 249
0 56 93
1 171 35
0 29 186
1 28 4
1 260 32
0 16 64
1 29 26
1 135 0
0 170 283
1 88 7
0 24 243
1 296 29
1 278 32
1 306 6
0 1 59
0 153 185
0 194 225
1 20 5
1 30 37
0 142 276
0 197 300
1 286 0
0 108 153
0 107 208
1 278 22
1 118 21
1 124 28
1 294 34
0 62 214
1 30 32
0 36 302
0 132 239
1 134 49
1 97 35
1 100 29
0 20 250
0 130 219
0 72 198
0 62 223
0 100 158
1 204 35
1 284 34
0 195 291
1 273 34
1 109 42
0 37 134
0 239 249
0 114 154
0 0 138
1 300 41
1 169 34
0 130 161
1 69 20
1 137 35
0 71 169
1 25 39
1 132 3
0 74 209
1 11 2
1 93 19
0 185 205
1 307 3
1 296 33
1 314 41
0 28 289
1 251 16
0 162 171
0 286 301
1 256 32
1 107 49
1 245 2
1 80 38
0 138 304
1 27 41
0 9 304
0 64 166
1 106 43
0 83 237
0 3 101
1 171 46
1 75 35
1 18 19
0 128 227
0 70 95
0 113 143
0 166 264
1 115 21
1 172 24
1 9 48
1 71 43
0 26 230
1 225 21
1 58 8
0 207 297
0 31 117
1 133 16
1 116 47
1 292 45
1 284 16
1 17 29
1 238 21
1 302 7
0 123 222
0 153 161
1 156 21
1 160 36
1 201 40
0 67 151
0 60 111
1 209 18
0 30 133
0 47 122
0 234 315
1 66 45
0 160 214
0 246 270
0 137 293
1 286 23
0 159 263
0 10 163
1 72 2
0 190 245
1 94 23
1 267 27
