1000 1000
90 79 70 47 34 3 97 12 22 87 52 90 74 71 30 40 21 17 34 59 58 52 69 22 72 90 78 94 98 44 63 26 38 29 61 51 89 10 63 21 65 97 93 45 87 86 70 6 12 13 19 32 69 39 10 90 12 8 77 74 45 10 52 83 8 50 92 80 34 19 64 44 91 24 28 54 38 53 54 8 20 31 95 40 94 24 89 45 89 16 25 26 86 26 64 64 43 5 8 68 51 95 59 55 14 27 76 64 34 56 72 60 54 48 96 92 92 39 55 66 7 2 96 74 89 63 82 39 57 84 73 57 33 16 70 38 76 91 17 10 79 9 79 34 29 1 8 34 66 99 97 29 7 71 10 10 16 33 13 75 61 16 55 35 19 88 41 76 42 92 61 25 77 86 15 7 26 61 72 6 15 55 40 15 38 11 35 9 57 78 68 29 50 3 91 18 21 55 25 43 97 12 49 61 47 87 91 54 10 18 11 51 12 80 72 10 54 32 40 1 62 54 45 80 48 6 10 50 25 39 8 15 89 83 88 70 95 22 9 78 46 43 19 97 61 22 73 13 56 48 89 26 8 33 6 46 12 49 61 3 74 55 48 85 21 94 93 83 74 78 62 99 9 85 11 73 75 44 74 81 30 18 40 75 56 63 67 8 71 50 16 71 15 82 49 67 68 9 95 91 52 91 52 23 46 13 77 99 27 25 39 29 44 9 19 62 98 44 26 29 11 44 69 32 16 38 31 25 60 35 48 4 23 90 75 62 10 31 86 67 9 0 30 10 74 29 73 65 83 69 98 67 59 71 62 17 93 35 55 98 2 33 43 72 76 32 28 76 10 75 87 60 62 43 31 76 80 70 99 88 83 95 62 6 31 41 66 54 92 11 24 88 70 85 78 34 46 8 9 52 13 28 44 25 24 24 1 35 50 93 52 86 80 15 75 81 22 35 77 44 45 84 79 58 69 13 12 84 28 68 32 19 26 80 84 47 64 19 53 44 26 32 18 6 36 87 12 90 44 85 77 55 59 24 95 19 29 45 43 60 78 30 57 1 72 86 50 11 18 35 19 43 48 81 56 85 91 97 74 11 16 30 10 54 78 30 55 87 94 41 39 65 4 23 94 44 37 77 17 78 48 33 75 40 33 45 9 44 74 20 1 46 96 87 58 43 38 77 64 76 84 48 0 29 96 4 82 62 34 2 53 51 7 26 21 3 97 55 73 14 90 99 96 40 48 31 64 24 23 97 16 60 85 98 76 10 47 89 43 74 30 22 80 97 8 92 97 44 42 0 2 19 44 89 59 14 37 29 46 41 84 36 9 75 43 27 52 92 41 42 59 57 94 10 95 93 45 50 73 9 47 4 49 97 39 14 69 37 75 40 35 15 17 53 76 69 98 6 8 18 2 93 32 15 86 88 46 72 33 9 33 39 2 75 33 35 98 28 7 74 4 63 18 4 11 28 74 26 82 96 76 84 3 43 30 42 49 15 58 0 42 73 81 80 96 96 15 88 4 85 28 84 49 73 58 49 80 97 86 64 78 10 71 47 56 54 65 66 89 97 50 67 31 7 6 73 17 56 48 90 44 98 76 46 21 65 23 20 21 32 16 98 37 61 55 4 24 85 66 86 45 93 26 0 8 53 92 52 47 31 92 30 83 3 17 56 19 70 87 48 70 43 61 65 19 83 58 3 88 33 48 70 18 40 3 81 14 92 1 13 60 51 16 40 79 78 46 74 67 94 50 81 17 34 10 73 88 20 15 83 26 15 84 79 8 15 92 56 66 80 14 13 23 13 46 27 84 79 75 76 87 2 94 72 85 24 28 45 12 45 73 10 48 72 48 20 86 22 45 42 93 60 83 45 61 74 55 15 58 88 8 13 88 58 90 17 0 13 7 52 38 11 20 83 60 5 37 89 37 75 62 89 9 67 64 37 12 41 11 98 54 72 13 95 37 40 15 93 70 61 0 97 92 64 13 13 30 21 21 68 10 67 27 47 7 41 53 65 85 83 76 22 71 22 94 57 20 50 84 48 52 92 13 74 97 92 1 53 46 22 26 44 26 34 69 6 0 36 22 35 74 81 5 26 53 2 50 16 92 35 15 28 39 58 33 24 86 23 16 64 63 86 70 13 72 36 48 81 30 51 41 27 28 75 13 52 82 14 87 49 14 13 8 10 57 86 42 82 43 65 56 50 95 60 70 2 15 33 13 23 31 52 92 66 30 80 78 98 63 65 14 73 95 2 70 98 67 49 40 36 
1 766 36
0 724 782
0 727 790
0 151 180
1 72 20
1 422 22
1 32 19
0 379 533
1 902 17
0 59 717
0 667 904
0 399 930
0 359 858
0 369 535
1 252 32
0 548 633
1 926 48
1 516 14
0 258 551
0 435 886
0 314 902
0 101 876
1 18 32
1 169 24
0 242 485
1 668 43
1 329 17
1 182 24
0 484 799
0 61 803
1 246 31
0 399 502
0 460 624
0 641 718
0 16 280
1 210 18
1 552 36
0 217 559
1 87 34
1 765 10
0 194 589
1 381 29
1 81 42
1 182 41
1 55 33
0 709 752
1 912 15
1 569 0
0 16 642
1 740 40
1 829 46
0 269 670
1 55 24
0 20 945
1 91 39
1 498 31
1 132 3
0 353 471
0 503 775
1 952 43
1 302 27
1 735 34
0 722 914
0 443 842
1 781 0
0 24 44
1 439 49
0 705 869
0 270 964
0 109 316
0 575 916
0 17 222
1 893 20
0 17 340
0 529 791
0 67 511
0 112 657
1 835 7
1 601 42
0 169 960
1 749 11
0 472 632
1 120 15
0 197 960
1 587 36
0 163 941
0 246 566
1 670 14
1 183 40
1 865 16
0 234 849
0 612 946
1 752 41
1 226 23
0 283 767
1 639 25
1 512 48
0 476 746
0 506 719
0 219 460
1 487 35
1 772 37
1 803 49
0 259 288
0 491 864
0 265 296
1 86 26
1 104 45
0 248 561
1 824 33
1 777 26
1 912 23
0 90 650
1 127 46
1 510 40
1 278 14
1 182 40
1 93 5
1 789 13
1 683 33
1 261 19
1 590 19
0 277 644
0 115 581
1 595 32
1 310 22
0 36 55
1 805 36
1 146 41
1 870 11
0 7 772
1 642 23
1 332 14
0 322 631
1 601 29
0 269 492
0 1 683
1 346 39
1 420 16
1 988 22
1 228 7
0 375 493
1 468 31
1 63 19
1 930 20
0 200 410
0 475 502
0 301 889
1 14 12
0 315 888
0 353 539
0 402 767
0 15 763
0 376 796
1 499 25
1 443 10
0 491 703
0 644 977
1 57 4
0 70 305
0 514 895
1 683 20
0 748 902
1 700 47
0 430 887
1 337 6
0 239 729
0 66 290
1 923 8
0 629 842
1 622 18
1 475 45
0 399 502
1 496 15
1 530 30
1 208 8
0 274 284
1 410 39
0 270 459
0 384 401
0 279 735
1 952 19
1 487 17
0 228 939
0 287 686
1 141 15
1 17 24
1 830 27
0 155 185
1 64 33
1 63 32
1 533 43
1 660 1
0 98 598
0 578 635
0 317 790
1 70 0
1 22 39
1 117 17
0 735 841
0 116 448
0 26 854
1 31 47
1 949 22
0 449 697
0 64 514
0 497 873
0 136 737
1 267 10
1 534 35
0 913 999
0 51 937
0 14 305
1 13 46
0 34 767
0 125 873
1 820 40
0 545 903
1 865 29
0 180 190
0 388 521
0 908 913
0 709 719
0 298 552
0 110 354
0 145 885
0 391 720
1 888 17
1 14 33
1 278 28
0 473 972
1 409 44
0 2 801
0 95 398
0 339 904
1 154 45
0 543 681
1 717 11
1 522 28
0 214 507
0 48 716
0 549 748
0 70 849
0 168 724
1 563 43
1 746 14
1 890 2
0 259 980
1 512 44
1 656 0
0 12 181
0 652 690
0 216 280
0 552 794
0 795 967
0 802 846
0 240 385
0 512 589
1 376 30
1 526 17
1 942 11
0 185 989
0 264 386
1 55 23
1 921 31
1 127 47
1 340 9
0 41 526
0 19 306
0 170 426
0 7 513
0 201 440
1 707 37
1 842 42
0 46 808
1 864 42
0 25 128
0 179 897
1 192 3
0 48 110
0 44 86
1 771 39
1 309 35
1 709 13
1 897 27
0 656 827
1 646 1
1 829 11
1 30 2
1 812 21
0 673 871
0 120 716
0 597 953
1 319 21
1 971 23
0 266 417
0 129 940
1 463 9
1 363 3
1 758 26
0 516 562
1 171 15
1 740 25
1 478 39
1 15 17
0 263 338
1 293 41
0 87 346
0 400 431
0 380 769
1 811 1
0 764 998
0 161 785
1 996 41
0 75 302
1 591 37
0 403 769
1 235 41
0 36 937
0 845 907
0 92 232
0 181 602
1 423 32
0 45 892
0 385 993
0 555 940
1 316 36
1 233 16
1 307 9
0 328 897
1 712 36
0 367 576
1 104 21
1 403 32
1 165 32
0 239 286
1 618 25
1 301 31
1 899 39
1 733 46
1 273 26
1 299 0
1 605 5
0 511 970
0 598 707
0 529 594
0 64 760
0 3 474
1 396 43
1 776 27
0 140 725
1 49 33
1 859 7
0 17 925
0 398 692
0 178 869
1 512 34
0 91 203
1 486 0
1 474 36
1 774 11
0 348 353
0 581 609
0 88 589
1 705 10
0 31 915
0 14 930
0 727 780
0 229 443
1 97 6
1 623 48
0 118 426
1 797 15
1 69 45
0 603 958
0 165 225
1 964 16
1 438 11
1 276 5
1 945 27
1 16 13
0 193 450
0 101 541
1 28 25
0 38 720
1 495 11
0 102 875
0 72 529
0 769 920
0 6 208
1 615 44
1 750 15
0 21 851
0 301 568
0 804 844
1 44 44
1 54 2
1 334 26
1 507 33
0 289 741
1 334 30
1 311 19
1 832 0
1 262 9
1 975 2
0 441 444
0 460 843
0 361 798
0 388 542
0 821 913
0 85 989
1 396 34
0 86 313
1 882 43
1 263 8
1 186 38
1 601 44
0 331 554
1 867 7
1 176 2
0 229 299
0 387 544
0 718 843
1 104 45
1 744 29
1 825 17
1 192 31
0 873 877
1 951 28
0 49 577
1 706 44
1 806 43
0 930 993
0 614 786
1 357 35
1 35 33
0 83 929
1 44 25
0 48 899
0 240 747
1 472 24
0 71 481
0 452 702
0 644 859
1 346 34
1 229 38
1 935 43
0 749 844
0 457 778
1 194 18
1 12 38
1 552 23
0 360 863
0 246 346
0 463 729
1 65 11
1 693 37
1 689 38
0 618 781
0 16 536
1 998 23
0 643 887
0 366 727
0 102 864
1 884 46
0 825 877
1 733 46
1 454 41
1 933 37
1 77 11
0 604 978
0 145 234
0 3 911
1 202 23
1 832 12
0 183 533
0 676 925
1 298 10
1 162 30
0 657 755
0 776 985
1 471 2
0 285 602
1 768 26
1 283 39
1 738 21
0 283 330
1 232 5
0 339 381
0 494 918
0 9 941
0 173 444
1 18 29
1 982 20
0 158 430
1 628 13
0 427 868
1 982 31
0 643 922
0 279 774
0 119 934
1 529 47
1 755 33
0 364 913
0 189 853
0 330 854
0 246 681
0 847 888
1 268 27
1 82 22
0 537 751
0 43 498
1 481 46
1 592 34
1 796 26
1 457 40
0 92 389
0 191 644
1 189 9
0 376 793
1 137 42
0 217 640
1 699 44
1 790 11
1 270 46
0 732 910
1 194 20
1 330 44
1 550 5
0 581 658
0 774 974
0 11 353
1 622 2
1 537 2
1 484 24
0 230 483
1 86 32
0 418 575
0 657 783
0 704 751
0 68 956
0 442 480
0 32 129
0 510 854
0 481 700
0 809 980
1 335 34
0 309 636
1 951 43
0 100 141
0 316 775
1 938 14
0 303 822
1 920 23
1 612 0
1 841 17
1 249 2
0 565 628
1 635 5
1 165 1
1 173 26
1 366 43
1 387 30
0 860 941
1 653 25
1 459 15
1 911 7
0 118 917
1 288 33
0 37 259
0 129 365
1 109 23
0 209 459
1 325 24
0 52 482
0 182 246
1 968 46
0 164 545
0 127 491
1 377 8
0 177 484
1 163 38
0 704 856
0 17 765
1 897 46
1 109 22
1 18 49
1 652 6
0 606 863
1 809 34
1 394 39
0 472 906
1 641 35
1 782 48
0 356 965
0 211 550
1 867 36
1 510 7
0 487 781
0 460 916
1 432 38
0 1 33
0 46 385
0 352 484
1 653 42
0 346 350
0 404 810
1 697 10
1 982 11
1 506 34
1 64 41
1 418 43
0 345 468
0 260 993
0 750 901
0 117 938
0 145 786
0 803 960
1 552 7
1 461 43
0 732 835
1 214 30
1 764 5
1 503 2
1 428 0
0 0 895
0 685 834
1 960 30
0 892 917
1 269 18
1 465 8
0 113 879
0 282 769
0 475 553
0 436 910
0 626 808
0 434 505
0 892 937
1 847 18
0 189 293
1 931 33
1 143 32
1 80 34
0 602 770
1 476 4
0 551 876
1 542 8
0 457 657
0 189 268
0 346 667
1 26 13
1 388 35
1 86 1
0 408 494
1 952 42
1 156 10
0 11 285
1 612 16
0 206 989
1 80 21
0 73 197
1 315 29
0 411 521
0 76 910
0 723 991
0 400 989
0 9 163
0 664 680
1 382 43
0 629 869
1 950 27
0 149 930
1 48 20
0 71 360
1 739 15
0 224 778
0 92 807
1 978 42
1 37 11
0 577 631
0 116 535
0 469 474
1 996 36
0 35 987
0 352 555
1 20 24
0 767 883
1 736 24
1 939 5
1 122 43
0 58 871
0 631 764
0 165 753
0 349 943
0 548 604
0 257 275
1 892 4
0 450 651
0 43 161
0 32 831
1 0 46
0 441 625
1 211 16
1 901 7
1 497 49
0 394 661
0 459 738
0 133 469
1 668 29
0 114 839
1 478 26
0 565 881
0 533 974
0 259 706
1 486 17
1 924 49
0 581 869
0 335 699
1 698 10
0 556 919
0 243 689
1 504 44
0 356 510
0 302 806
1 953 47
0 442 762
0 348 700
1 74 15
1 60 44
1 546 38
1 432 6
1 374 9
0 336 849
0 21 650
1 336 16
1 840 18
1 790 3
1 391 41
0 332 468
0 275 607
1 989 24
1 107 31
0 484 518
1 457 34
0 427 847
0 669 714
0 253 837
0 184 578
1 569 37
0 655 969
1 37 32
1 376 17
1 438 17
1 50 26
1 66 12
0 120 804
0 694 860
1 501 31
1 467 26
1 724 39
1 323 14
0 78 301
0 311 800
1 147 44
0 287 491
1 21 14
0 803 945
1 361 29
1 561 42
1 622 5
1 417 5
1 865 5
0 16 634
1 331 13
0 734 977
1 529 15
0 957 969
1 785 36
0 623 789
0 586 597
0 703 864
1 184 18
0 306 315
1 92 16
1 782 36
0 497 985
0 198 480
1 188 30
1 879 24
0 123 515
1 356 26
1 892 34
1 603 7
0 949 996
1 266 30
1 66 29
1 748 36
1 352 21
0 313 510
0 372 618
1 693 44
1 548 27
0 87 879
1 942 37
0 480 482
1 746 43
1 135 13
1 320 44
0 14 400
0 148 813
0 829 963
0 147 894
1 971 17
1 722 10
1 555 10
1 871 46
1 499 47
0 310 322
0 44 178
0 459 873
0 400 460
1 786 42
0 10 499
1 420 34
1 301 18
0 363 647
0 229 254
1 909 35
1 74 42
1 766 19
1 294 11
0 14 766
0 140 721
1 872 41
1 607 11
0 294 869
1 921 42
1 671 19
1 645 11
1 240 1
1 869 4
1 32 31
1 759 15
1 222 5
1 608 7
1 127 1
0 236 354
1 229 49
1 578 28
0 177 992
1 703 48
0 93 658
1 474 27
0 536 931
0 626 900
0 348 819
0 404 881
0 932 986
0 495 548
1 872 6
1 687 23
1 748 36
1 262 43
1 282 27
1 808 46
1 791 44
1 811 38
0 91 800
1 731 7
1 262 21
1 229 46
0 756 881
1 990 30
1 319 24
0 522 536
0 562 590
0 231 290
0 211 434
0 76 99
0 233 656
1 480 28
1 767 0
1 309 37
1 515 22
1 782 46
1 233 49
0 570 779
1 266 12
0 451 665
1 928 10
0 258 471
0 21 126
1 61 14
1 735 43
1 893 31
1 594 33
1 577 17
1 275 21
1 323 12
0 130 882
1 649 38
1 204 10
1 365 21
1 993 0
1 884 16
1 360 9
1 967 47
0 457 509
1 150 3
1 534 7
0 473 631
1 440 48
1 387 3
0 92 163
1 332 30
0 511 805
1 978 2
0 349 553
1 813 12
0 874 883
1 168 4
1 429 31
0 122 937
1 997 29
0 228 829
0 109 612
0 414 748
1 411 31
1 683 43
1 12 20
1 887 33
0 0 146
1 132 11
0 43 709
0 104 532
0 291 958
0 254 454
1 183 37
0 814 923
1 16 30
1 371 42
0 523 819
0 922 984
1 556 9
0 456 720
1 739 29
0 357 407
1 767 43
1 248 25
1 728 11
1 902 36
0 900 992
1 345 24
1 333 18
1 382 37
1 582 48
1 530 14
1 647 5
1 974 24
0 384 445
1 21 37
0 320 805
1 719 14
1 617 48
1 327 0
0 442 976
1 91 18
1 349 41
0 146 786
0 444 648
0 246 730
1 113 13
1 238 10
1 964 32
0 102 926
1 776 34
1 466 19
1 483 26
1 712 1
1 560 28
0 50 291
1 40 19
0 813 933
1 811 1
1 671 24
0 364 669
0 203 661
1 907 44
1 389 37
1 107 2
1 760 37
0 566 789
1 780 12
1 861 40
0 572 832
1 354 47
1 934 43
1 616 33
0 525 700
0 566 635
